0 Car Tail and Rear supports
0 Name: Car Tail Assembly.ldr
0 Author: SnapCAD
0 Unofficial Model
0 ROTATION CENTER 0 0 0 1 "Custom" 
0 ROTATION CONFIG 0 0
0 ROTSTEP -75 0 0 ABS
1 71 -32 24 0 0 0 1 0.5 0.866025 0 -0.866025 0.5 0 228-2500-023.dat
1 73 -112 29.857 21.856 0 1 0 0.5 0 -0.866025 -0.866025 0 -0.5 228-2500-060.dat
1 73 -112 45.856 -5.857 0 1 0 0.5 0 -0.866025 -0.866025 0 -0.5 228-2500-060.dat
1 73 48 29.857 21.856 0 1 0 0.5 0 -0.866025 -0.866025 0 -0.5 228-2500-060.dat
1 73 48 45.856 -5.857 0 1 0 0.5 0 -0.866025 -0.866025 0 -0.5 228-2500-060.dat
0 STEP
1 71 -32 51.713 16 0 0 -1 0.5 -0.866025 0 -0.866025 -0.5 0 228-2500-021.dat
1 0 16 57.569 37.856 1 0 0 0 -0.866025 0.5 0 -0.5 -0.866025 228-2500-127-v2.dat
1 0 -80 73.569 10.144 -1 0 0 0 -0.866025 -0.5 0 -0.5 0.866025 228-2500-127-v2.dat
1 0 16 73.569 10.144 0 -1 0 0.866025 0 -0.5 0.5 0 0.866025 228-2500-127-v2.dat
1 0 -80 57.569 37.856 0 1 0 0.866025 0 0.5 0.5 0 -0.866025 228-2500-127-v2.dat
0 STEP
0 ROTSTEP END
0 ROTSTEP -23 22.7668 0 ABS
1 71 -64 89.569 -17.569 0 1 0 0.866025 0 0.5 0.5 0 -0.866025 228-2500-149.dat
1 0 -80 89.282 -13.282 0 1 0 0 0 1 1 0 0 228-2500-127-v2.dat
0 STEP
0 ROTSTEP END
0 ROTSTEP -30 -20 0 ABS
1 71 -16 89.569 -17.569 0 1 0 0.866025 0 0.5 0.5 0 -0.866025 228-2500-149.dat
1 0 16 89.282 -17.282 1 0 0 0 0 1 0 -1 0 228-2500-127-v2.dat
0 STEP
0 ROTSTEP END
1 0 16 124 -48 1 0 0 0 1 0 0 0 1 228-2500-130-v2.dat
1 0 -80 124 -44 1 0 0 0 1 0 0 0 1 228-2500-130-v2.dat
1 71 -32 124 -92 1 0 0 0 1 0 0 0 1 228-2500-040.dat
0 STEP
0 ROTSTEP 0 45 0 ABS
1 73 -65 154 -18 0 0 1 0 1 0 -1 0 0 228-2500-060.dat
1 73 -1 154 -18 0 0 1 0 1 0 -1 0 0 228-2500-060.dat
0 STEP
1 71 0 250 -18 0 1 0 -1 0 0 0 0 1 228-2500-151.dat
1 71 -80 250 -18 0 1 0 -1 0 0 0 0 1 228-2500-151.dat
0 STEP
0 ROTSTEP END
0 ROTSTEP -90 0 -45 ABS
1 0 -16 250 -82 0 1 0 -1 0 0 0 0 1 228-2500-127-v2.dat
1 0 -48 250 -82 1 0 0 0 1 0 0 0 1 228-2500-127-v2.dat
0 STEP
1 0 -48 250 -50 0 -1 0 -1 0 0 0 0 -1 228-2500-127-v2.dat
1 0 -16 250 -50 -1 0 0 0 1 0 0 0 -1 228-2500-127-v2.dat
0 STEP
0 ROTSTEP END
0 ROTSTEP 0 -180 0 ABS
1 4 -48 250 -50 0 1 0 -1 0 0 0 0 1 228-2500-060.dat
1 4 -16 250 -50 0 1 0 -1 0 0 0 0 1 228-2500-060.dat
0 STEP
0 ROTSTEP END
0 STEP
0
